name: yolov9segconda
channels:
  - conda-forge
  - defaults
dependencies:
  - asttokens=2.4.1=pyhd8ed1ab_0
  - bzip2=1.0.8=hcfcfb64_5
  - ca-certificates=2024.2.2=h56e8100_0
  - colorama=0.4.6=pyhd8ed1ab_0
  - comm=0.2.2=pyhd8ed1ab_0
  - debugpy=1.8.1=py39h99910a6_0
  - decorator=5.1.1=pyhd8ed1ab_0
  - executing=2.0.1=pyhd8ed1ab_0
  - freetype=2.12.1=hdaf720e_2
  - importlib-metadata=7.1.0=pyha770c72_0
  - importlib_metadata=7.1.0=hd8ed1ab_0
  - ipykernel=6.29.3=pyha63f2e9_0
  - ipython=8.18.1=pyh7428d3b_3
  - jedi=0.19.1=pyhd8ed1ab_0
  - jupyter_client=8.6.1=pyhd8ed1ab_0
  - jupyter_core=5.7.2=py39hcbf5309_0
  - lcms2=2.16=h67d730c_0
  - lerc=4.0.0=h63175ca_0
  - libdeflate=1.20=hcfcfb64_0
  - libffi=3.4.2=h8ffe710_5
  - libjpeg-turbo=3.0.0=hcfcfb64_1
  - libpng=1.6.43=h19919ed_0
  - libsodium=1.0.18=h8d14728_1
  - libsqlite=3.45.3=hcfcfb64_0
  - libtiff=4.6.0=hddb2be6_3
  - libwebp-base=1.4.0=hcfcfb64_0
  - libxcb=1.15=hcd874cb_0
  - libzlib=1.2.13=hcfcfb64_5
  - m2w64-gcc-libgfortran=5.3.0=6
  - m2w64-gcc-libs=5.3.0=7
  - m2w64-gcc-libs-core=5.3.0=7
  - m2w64-gmp=6.1.0=2
  - m2w64-libwinpthread-git=5.0.0.4634.697f757=2
  - matplotlib-inline=0.1.7=pyhd8ed1ab_0
  - msys2-conda-epoch=20160418=1
  - nest-asyncio=1.6.0=pyhd8ed1ab_0
  - openjpeg=2.5.2=h3d672ee_0
  - openssl=3.3.0=hcfcfb64_0
  - packaging=24.0=pyhd8ed1ab_0
  - parso=0.8.4=pyhd8ed1ab_0
  - pickleshare=0.7.5=py_1003
  - pillow=10.3.0=py39h9ee4981_0
  - pip=24.0=pyhd8ed1ab_0
  - platformdirs=4.2.1=pyhd8ed1ab_0
  - psutil=5.9.8=py39ha55989b_0
  - pthread-stubs=0.4=hcd874cb_1001
  - pure_eval=0.2.2=pyhd8ed1ab_0
  - pygments=2.17.2=pyhd8ed1ab_0
  - python=3.9.19=h4de0772_0_cpython
  - python_abi=3.9=4_cp39
  - pywin32=306=py39h99910a6_2
  - pyzmq=26.0.2=py39h03e5c00_0
  - setuptools=69.5.1=pyhd8ed1ab_0
  - six=1.16.0=pyh6c4a22f_0
  - stack_data=0.6.2=pyhd8ed1ab_0
  - tk=8.6.13=h5226925_1
  - tornado=6.4=py39ha55989b_0
  - traitlets=5.14.3=pyhd8ed1ab_0
  - typing_extensions=4.11.0=pyha770c72_0
  - ucrt=10.0.22621.0=h57928b3_0
  - vc=14.3=hcf57466_18
  - vc14_runtime=14.38.33130=h82b7239_18
  - vs2015_runtime=14.38.33130=hcb4865c_18
  - wcwidth=0.2.13=pyhd8ed1ab_0
  - wheel=0.43.0=pyhd8ed1ab_1
  - xorg-libxau=1.0.11=hcd874cb_0
  - xorg-libxdmcp=1.1.3=hcd874cb_0
  - xz=5.2.6=h8d14728_0
  - zeromq=4.3.5=he0c23c2_3
  - zstd=1.5.6=h0ea2cb4_0
  - pip:
      - absl-py==2.1.0
      - albumentations==1.4.5
      - annotated-types==0.6.0
      - certifi==2024.2.2
      - charset-normalizer==3.3.2
      - cycler==0.12.1
      - exceptiongroup==1.2.1
      - fonttools==4.51.0
      - gitdb==4.0.11
      - gitpython==3.1.43
      - grpcio==1.63.0
      - idna==3.7
      - imageio==2.34.1
      - joblib==1.4.2
      - kiwisolver==1.4.5
      - lazy-loader==0.4
      - markdown==3.6
      - markupsafe==2.1.5
      - networkx==3.2.1
      - opencv-python==4.9.0.80
      - opencv-python-headless==4.9.0.80
      - pandas==2.2.2
      - prompt-toolkit==3.0.43
      - protobuf==5.26.1
      - pycocotools==2.0.7
      - pydantic==2.7.1
      - pydantic-core==2.18.2
      - pyparsing==3.1.2
      - python-dateutil==2.9.0.post0
      - pytz==2024.1
      - pyyaml==6.0.1
      - requests==2.31.0
      - scikit-image==0.22.0
      - scikit-learn==1.4.2
      - seaborn==0.13.2
      - smmap==5.0.1
      - stack-data==0.6.3
      - tensorboard==2.16.2
      - tensorboard-data-server==0.7.2
      - thop==0.1.1-2209072238
      - threadpoolctl==3.5.0
      - tifffile==2024.4.24
      - tqdm==4.66.4
      - tzdata==2024.1
      - urllib3==2.2.1
      - werkzeug==3.0.2
      - zipp==3.18.1
prefix: yolov9segconda
